10
0 296685 168853 311204 319321 30372 128773 43837 288294 163351
296685 0 207992 462792 358459 276600 167911 290065 248089 233204
168853 207992 0 334959 230628 183722 40079 170258 324272 332204
311204 462792 334959 0 104331 280831 294880 267368 243671 395251
319321 358459 230628 104331 0 334191 190547 320726 180125 290920
30372 276600 183722 280831 334191 0 143643 13463 257922 193723
128773 167911 40079 294880 190547 143643 0 130178 364352 292124
43837 290065 170258 267368 320726 13463 130178 0 271385 207188
288294 248089 324272 243671 180125 257922 364352 271385 0 451645
163351 233204 332204 395251 290920 193723 292124 207188 451645 0
