10
0 255405 365136 78527 279299 184302 23569 393021 503455 96085
255405 0 109884 333933 258565 154113 278975 151345 262196 177107
365136 109884 0 396524 148679 263998 341567 41460 372081 286992
78527 333933 396524 0 301040 262831 54957 437986 424927 174612
279299 258565 148679 301040 0 271432 302869 190140 520761 183214
184302 154113 263998 262831 271432 0 207873 305460 416310 88218
23569 278975 341567 54957 302869 207873 0 383027 479885 119655
393021 151345 41460 437986 190140 305460 383027 0 413542 328453
503455 262196 372081 424927 520761 416310 479885 413542 0 439305
96085 177107 286992 174612 183214 88218 119655 328453 439305 0
