100
0 865652 854605 909735 164494 414229 602669 428535 122877 919971 459811 724310 433010 360455 877866 96067 562884 361529 104991 178519 197425 853689 354804 504557 80597 524908 793930 230611 405083 883465 798550 471732 228873 85005 374026 829605 197037 680285 873452 342258 619169 800620 129491 671635 359222 408414 625258 150286 562143 332602 386897 253083 495015 247135 808487 551445 284845 408568 399289 385934 921667 681683 251121 825513 921245 285851 320795 231073 670729 88202 417740 587656 188225 967042 963160 752163 697456 56213 970007 567119 202500 76749 987053 872428 814873 46259 621321 374892 458075 153349 743172 289679 35337 964467 744519 755282 336062 38363 482999 840830
865652 0 140307 100042 826210 228025 664367 144680 635596 538334 737242 690072 310492 255078 343474 417186 918679 307388 147666 692861 414854 118104 752036 41795 429062 659000 120660 525497 288711 359038 981428 590311 920167 590171 785709 227928 127861 573391 892125 821928 285729 42817 111998 413279 854794 496015 432764 986536 489216 770056 312264 743749 823134 150034 866053 527821 60947 799971 58460 803242 735859 913209 299812 86748 470289 190031 536335 755463 41459 14230 118891 720787 906600 142402 62337 910866 241670 107642 135607 969968 894337 710832 977726 207139 175882 904234 77513 676198 419416 883855 995319 973205 258175 275443 614368 167293 852137 644079 331162 921297
854605 140307 0 568235 506386 85575 28415 200412 841795 617949 55837 438909 479445 181730 241145 228073 522817 402851 169261 303133 335277 493578 459113 664625 232623 235039 189696 522044 747929 616482 510881 931108 375036 353623 90417 388822 399158 515805 365543 361672 903785 849782 436920 661343 170697 559351 111116 988993 840736 807361 399568 517866 793464 548048 896888 253090 773395 992635 118271 58977 571382 721488 445317 142677 610278 845442 948913 104018 882128 299806 50607 78524 684668 113012 921103 766065 359080 399854 441824 688588 296989 432514 276380 227451 493642 747216 767665 719414 589643 387047 597355 312692 92426 931850 654098 293563 559445 730571 88215 846504
909735 100042 568235 0 646245 935506 519406 279039 756156 957757 779804 86012 606657 237717 773802 50162 488995 449198 125312 5668 108011 486804 442491 853809 407608 944240 309538 729304 168484 15400 924584 173426 457161 658670 296757 230000 490271 544592 190464 90117 584654 791605 555404 183773 201593 359341 806255 349448 840477 362347 95511 307166 977119 779275 165887 68640 317666 831866 644095 447678 769826 754970 416413 649917 190397 485968 90104 925294 700282 915187 790369 525709 537321 910852 429847 934905 785546 641554 450695 342977 818784 526430 304261 417636 521950 415900 23599 192374 300972 25469 371135 227547 161489 66758 280226 48851 690910 135356 866265 109182
164494 826210 506386 646245 0 621878 937373 801845 671038 195375 965227 47182 540682 404806 206320 567414 594934 266545 801338 469167 775527 843254 499238 499279 830078 503325 383655 267043 514871 368763 362172 482712 336427 424195 986138 191364 995357 185341 99156 770091 461850 630852 957794 492195 948033 137419 558673 435896 540483 225321 879956 570744 470143 640863 416391 557384 415950 536919 376939 340827 737955 245440 531826 575813 389769 247742 560086 253708 198807 184833 510724 524662 554779 842962 246836 934952 934948 847397 68466 179892 157503 948649 604093 788209 705064 220451 987742 635581 136367 993596 39287 944889 238495 45138 844612 200543 742414 64080 633185 141478
414229 228025 85575 935506 621878 0 921196 997993 781269 198664 362819 945355 931466 882476 676384 318033 407560 353764 483668 721318 304713 20711 578361 734451 868672 927239 706306 306583 62617 694262 770259 96976 245590 824507 13464 426118 511573 414803 431750 493319 361543 668439 562716 630673 994255 27686 342742 507603 670498 761880 395054 470719 376105 612797 277546 790732 933964 337437 390994 561901 781085 380840 746595 881642 966651 416088 904194 392324 680217 865711 293334 447667 842163 813925 777065 635774 770939 8077 206618 783264 829896 347531 430964 957589 168572 336900 359464 550672 240708 901391 851244 801332 14039 30370 613651 52324 873770 990444 35586 255477
602669 664367 28415 519406 937373 921196 0 831913 898038 844847 671032 818880 625700 965457 496984 177974 752122 616067 245267 515686 649818 988600 458780 536387 6338 674922 271481 423241 704925 258434 770889 803268 500012 603677 125859 972453 369640 393625 417558 187434 484699 361798 343365 938793 456567 396773 540992 334845 620263 658836 500622 43441 897251 469934 629187 67254 215160 814615 30126 98905 990770 256731 310921 810134 580907 346848 591236 823336 394622 903172 719844 536956 767703 774195 742353 837126 673537 636821 285112 173280 674610 218983 595233 327862 858639 550401 353832 974082 584370 294538 730080 178490 703560 87402 254392 143952 704956 329564 755355 977754
428535 144680 200412 279039 801845 997993 831913 0 190363 735596 121123 387561 433766 452868 311382 697968 676235 389474 221228 39618 454817 830871 576000 650484 357498 239890 925338 890806 821425 114054 184373 274757 616386 171344 57524 947042 665301 562763 786220 239763 57617 181132 809250 943158 83338 653331 212638 600655 704914 579911 441535 160766 178886 937128 929697 189604 90090 311430 9667 14841 358896 499902 843103 842968 757494 102431 45068 169298 50962 391083 128078 855493 511015 745196 420708 78017 965171 708248 20186 864611 183985 172616 862950 429604 33458 850685 834387 304019 625476 656149 958691 814706 703087 185196 52725 662598 304364 903002 647249 921877
122877 635596 841795 756156 671038 781269 898038 190363 0 372208 888970 459470 857602 666010 805911 268021 19792 319647 896785 891362 192596 438493 150451 96996 112538 603396 545450 471928 566216 85149 196673 123888 493645 931719 644280 758095 864727 183999 248276 617288 833881 621171 705975 270402 694291 456876 421613 487584 875214 946193 647069 406955 234267 493507 702180 939014 486767 334557 578692 217351 448643 82097 996613 641842 584176 64629 612729 424580 525268 750466 376764 570590 149878 858614 482808 349186 766001 124127 188965 192601 431575 397369 84291 258916 936507 820315 291328 581370 734055 982807 930587 658234 304662 453813 688765 690769 626506 598242 641322 287296
919971 538334 617949 957757 195375 198664 844847 735596 372208 0 203911 993430 594148 508175 337389 836160 875813 804366 511938 228906 245402 605947 874017 452633 414432 540109 629760 501080 568671 70448 929500 250724 282062 224909 434621 970251 242394 2629 793663 132016 801096 171562 157252 120553 328809 253826 136138 204657 934282 505476 958260 560266 981421 242004 188019 383352 900086 59260 866235 884550 699690 583198 547893 212611 31127 25368 518883 382920 634273 701646 359560 636385 74557 555977 465673 270660 566550 60776 206809 641688 831212 674105 490623 14799 334907 172536 366018 742930 628061 221481 619341 17063 942198 430441 298873 553950 57496 263221 487071 52645
459811 737242 55837 779804 965227 362819 671032 121123 888970 203911 0 981510 797584 434448 454012 841324 735367 724890 934013 1735 420594 68404 921968 673270 960081 208799 532074 602118 968322 659425 180478 631688 380616 614961 838922 483509 785068 510140 645850 587835 366092 510116 813901 587469 454329 444877 882308 394479 683713 879646 878366 392714 579112 844835 601269 330168 907236 9449 145038 267049 294098 129380 695384 129450 894141 921042 863420 157290 176575 393318 166699 324885 889914 174477 666090 988797 409667 225308 382585 556391 689268 813335 658205 464913 667418 248340 392369 795704 291343 24068 307386 234917 643237 343604 518055 334551 421608 895545 518322 121784
724310 690072 438909 86012 47182 945355 818880 387561 459470 993430 981510 0 421293 308275 38099 908514 124975 206179 610987 166893 688937 98028 680353 539554 754394 7289 787614 382525 297949 756010 540978 124009 855766 933141 937343 484402 684984 773112 58179 837493 107197 257306 413309 959947 35298 45550 647190 206058 255437 170537 942117 622795 130446 290967 377531 687723 480075 477463 308298 815894 551284 40834 354585 314357 703931 766751 339284 392592 257703 314070 32118 824180 592310 653670 757471 252295 1293 135906 777541 632607 909418 409250 272997 50236 501181 357533 773518 310682 486072 428666 556012 594398 388824 708514 791755 574868 37228 305205 767584 828293
433010 310492 479445 606657 540682 931466 625700 433766 857602 594148 797584 421293 0 273201 854815 636619 262371 32010 963912 601053 211721 846243 619357 790191 787325 405401 536363 163085 553957 768975 13164 266658 796659 550369 943241 865058 72530 446348 929453 376798 836392 93869 192548 150400 732873 454741 593230 150054 458730 720503 695275 956903 465466 130300 593125 517066 264396 958794 283384 26032 888391 141280 526917 232264 411452 863431 731254 881644 229605 638911 954005 55054 49785 702055 66468 811139 86748 568039 388244 160469 599610 358132 868390 139819 84447 956238 448503 473210 763561 494538 636280 498824 940885 749166 466433 252272 754262 775596 811425 430612
360455 255078 181730 237717 404806 882476 965457 452868 666010 508175 434448 308275 273201 0 924396 183076 527423 5916 986964 678658 970427 37499 279314 78711 423060 948340 131661 892689 822966 406597 94197 704855 75179 890783 393781 951192 551033 399295 205634 659096 529510 628920 378838 582722 234534 755122 391025 78655 46529 158294 229513 968230 311871 718282 769641 206239 752214 87328 89120 918736 630295 205268 114669 885349 315791 445346 957438 929600 564786 212774 728181 22712 911988 252983 374797 396200 274071 510352 444802 345023 370980 290845 320288 401302 265640 694895 330300 218163 5060 502849 608544 404192 814117 607752 386953 224587 457201 859949 66135 484073
877866 343474 241145 773802 206320 676384 496984 311382 805911 337389 454012 38099 854815 924396 0 238353 996681 883667 616794 242413 879663 423074 307800 586918 671904 477995 355276 273098 515200 517952 273452 531638 439279 691887 661449 614149 257258 793719 291670 533143 863290 220489 268346 37243 272084 371247 749480 757245 786272 539534 77061 908231 982386 642194 153253 597841 263884 534059 749784 241075 802126 582774 918440 164655 682119 661886 127414 626601 639546 933821 526563 735949 9282 636901 120896 167168 824531 637832 112556 64822 55225 539374 456893 953185 592128 408688 212550 847711 815579 852828 524996 666798 535976 35281 679291 690399 884847 94331 10416 947529
96067 417186 228073 50162 567414 318033 177974 697968 268021 836160 841324 908514 636619 183076 238353 0 154224 688354 178594 128049 284489 524672 848808 729081 421327 131458 401881 78147 813488 92558 68105 714539 748431 359081 98451 137812 529924 357979 396939 984051 269103 176618 514626 873091 95885 793313 910714 585265 314514 394187 944792 177414 542637 402561 318133 349267 790804 557357 755571 546731 15496 169915 384284 690996 477727 605776 443730 765372 220028 593200 585967 636114 469714 369214 152087 4992 763612 754151 18100 988684 913712 981122 370142 663358 167077 909238 783079 340976 900932 99377 651277 237586 102266 250884 510087 468253 264636 619007 795771 616348
562884 918679 522817 488995 594934 407560 752122 676235 19792 875813 735367 124975 262371 527423 996681 154224 0 619533 618850 564688 752833 60626 494817 289277 488275 281182 933432 511724 300155 936691 949940 77167 329776 440404 215941 107144 73559 513765 760701 892610 672999 872738 200721 631618 802735 809457 134857 66482 646709 806749 437613 701633 995544 502958 845820 263712 180580 466848 787012 570260 352442 307968 724988 674041 288310 158060 722743 676819 804198 880091 621873 928612 678696 493149 454731 132348 63070 147756 4218 409620 441650 76261 665919 815183 112257 810134 294122 859267 922594 486636 806120 913028 437857 193737 165297 868691 630993 64070 638427 834354
361529 307388 402851 449198 266545 353764 616067 389474 319647 804366 724890 206179 32010 5916 883667 688354 619533 0 28507 115903 688769 810621 843945 330047 644673 937996 538745 956528 300395 769183 418214 143174 67968 563478 374181 470058 117585 341924 694006 284604 497709 332560 877914 566698 113910 424345 514616 735825 492854 97418 208150 402767 748513 730696 717014 124846 425472 712553 823590 240297 644266 382349 362592 231385 828064 394402 127609 52969 209695 350651 152142 662309 190312 912616 496743 785849 841901 601787 303546 390126 796746 871933 118505 509457 410898 671633 34581 282718 411702 391652 140962 822057 912685 692592 965068 901222 693497 580659 791886 172402
104991 147666 169261 125312 801338 483668 245267 221228 896785 511938 934013 610987 963912 986964 616794 178594 618850 28507 0 52638 116548 427256 398336 160573 458637 275987 148636 528790 976633 672816 935101 43726 742309 123965 249361 326521 127153 882246 143721 145097 647104 412484 237766 46247 86950 300028 754355 4358 72997 904199 352000 306842 807052 207149 268611 430703 431863 261239 67814 96533 70840 506344 552705 39181 147369 22563 608819 108432 254812 990455 13619 175394 965001 617919 440757 417256 846870 953614 667936 170972 844882 250352 146675 407137 124000 874877 152819 823604 563654 203714 956968 744308 527247 94814 125015 611095 684933 587057 560661 231031
178519 692861 303133 5668 469167 721318 515686 39618 891362 228906 1735 166893 601053 678658 242413 128049 564688 115903 52638 0 982305 714566 552644 127698 254604 618001 836341 352100 120441 65852 395050 161443 57802 66000 180646 116235 778491 269988 125579 824439 820400 642446 100924 353624 168898 538293 383637 805847 271763 7451 841428 185043 575797 233596 728819 109764 308724 146068 612283 56191 982556 313036 735424 943675 635797 393112 237429 770733 559451 994547 300801 644187 66802 39864 302752 884634 87143 357760 604982 772549 450270 448846 28385 749672 991830 313579 296247 115648 729727 525981 395763 353519 272472 264136 604382 104448 724946 324528 694 530489
197425 414854 335277 108011 775527 304713 649818 454817 192596 245402 420594 688937 211721 970427 879663 284489 752833 688769 116548 982305 0 840564 637629 709984 527876 377033 532770 308585 325273 734897 687242 208547 72283 332398 537442 931376 157921 840859 312918 84510 259916 808119 278250 719648 209264 759592 601706 700053 310059 233793 169096 450713 629240 137789 191314 515405 589227 234201 87886 349029 911649 86228 313486 968423 241130 562767 393752 852287 799591 572951 254397 179236 270662 639425 188290 444025 765229 935258 736153 460370 141744 911906 653137 491944 632866 507741 296002 599035 645418 495717 54129 81675 591924 331245 943590 697945 748547 405845 392187 750705
853689 118104 493578 486804 843254 20711 988600 830871 438493 605947 68404 98028 846243 37499 423074 524672 60626 810621 427256 714566 840564 0 44582 151071 414196 807403 381681 671048 624126 85497 230953 283896 471429 847215 472034 930760 42882 241816 403169 672172 636823 393906 411684 856204 634 630181 965685 125614 47812 169104 10037 459054 83508 355113 583403 215105 278310 429055 868339 607745 458779 937351 601796 256270 955466 157487 97088 823550 489075 213412 967481 641077 616059 685581 386699 510773 163696 372779 733570 462616 17709 52651 391354 112253 380155 72709 66965 607363 612167 73302 548641 997622 953582 106410 730596 541081 604023 747871 624173 351723
354804 752036 459113 442491 499238 578361 458780 576000 150451 874017 921968 680353 619357 279314 307800 848808 494817 843945 398336 552644 637629 44582 0 197258 18327 383311 172066 947629 252275 326010 495473 346360 896627 24336 85494 316474 465720 132247 525574 18770 68601 574521 706081 81979 39650 373039 785653 384109 307187 909691 263276 276544 215208 534966 126202 608475 399453 347457 771507 652611 961037 931853 379089 286506 635953 297536 171430 189249 717837 502540 518495 158643 569852 605733 190167 264639 540939 934377 408306 634274 602216 961578 550577 532552 240820 568913 196973 555455 284025 669077 162929 619579 841499 421088 786485 614791 775630 286690 57996 358288
504557 41795 664625 853809 499279 734451 536387 650484 96996 452633 673270 539554 790191 78711 586918 729081 289277 330047 160573 127698 709984 151071 197258 0 958516 909938 654353 890066 743404 277839 986450 433114 634981 857920 72603 322170 731849 672487 754308 540480 105323 802359 168344 742142 667904 779281 620989 806805 384440 649868 922273 893602 533325 736750 482352 490111 807950 298533 744555 917655 494299 2251 769024 613819 335651 672067 601938 904475 946379 470847 305755 45014 142873 393569 199920 415381 267282 404863 107293 817228 322848 178386 939128 907272 330340 721273 272443 310985 203034 895780 157929 370029 993262 812177 332029 237090 160655 219431 57752 525294
80597 429062 232623 407608 830078 868672 6338 357498 112538 414432 960081 754394 787325 423060 671904 421327 488275 644673 458637 254604 527876 414196 18327 958516 0 820270 377722 902594 777728 614782 403486 371655 932385 899257 742658 205259 903726 333658 296085 336017 473305 102651 895107 350867 239308 764643 547896 259047 866401 924633 18741 475315 212044 420298 770753 963749 878597 409326 485818 428184 458080 516118 991040 535250 785092 823687 375435 447902 269072 216460 350071 832197 904552 657012 289537 202498 206440 9325 292561 221479 90860 403507 488654 12761 223094 386455 278653 297004 213583 188541 494315 902524 197816 372229 415926 78923 680312 923637 286725 532482
524908 659000 235039 944240 503325 927239 674922 239890 603396 540109 208799 7289 405401 948340 477995 131458 281182 937996 275987 618001 377033 807403 383311 909938 820270 0 146251 131007 566475 619819 585806 540310 611851 130566 625105 273325 566221 559475 282097 732669 508566 965225 111987 295436 99854 704443 239878 17803 125912 422628 983941 306702 987469 540882 154978 992991 825358 105902 940603 135234 306475 9386 566981 983911 600742 793988 569019 461437 562391 737532 593203 599098 726627 885294 873435 591120 735040 621392 343184 859215 657109 385316 258475 59538 532315 843420 120875 734684 838384 518393 301937 748835 730071 612477 970165 482570 984862 38513 788225 433680
793930 120660 189696 309538 383655 706306 271481 925338 545450 629760 532074 787614 536363 131661 355276 401881 933432 538745 148636 836341 532770 381681 172066 654353 377722 146251 0 475501 144678 665148 682161 450599 894771 228148 171114 725416 172307 64244 57236 917078 942417 867478 92882 208994 339667 165628 715851 36216 544631 250495 691720 617059 2270 76679 489281 359241 764454 483939 178656 818305 144817 13273 244146 930347 616982 236431 825335 933680 730465 17881 285396 170440 705696 171418 694506 684205 718223 746298 532106 735509 493949 111186 697312 279567 893518 106766 987240 448545 718588 273498 634921 102931 351552 229829 956150 967294 443542 598563 679057 718585
230611 525497 522044 729304 267043 306583 423241 890806 471928 501080 602118 382525 163085 892689 273098 78147 511724 956528 528790 352100 308585 671048 947629 890066 902594 131007 475501 0 131650 909386 966220 257775 746557 993166 850202 616871 682398 633958 611433 848455 12136 898351 118882 311335 414756 501783 764165 785433 860328 485943 810755 262350 471238 678807 730254 527117 256005 800285 778696 289006 8957 371812 289305 189463 68806 972757 129941 759710 362921 317339 348420 356853 396054 54923 801617 647108 280267 701531 773865 518521 581083 962685 409028 901758 497665 257489 663789 287113 187561 407480 210142 989131 569463 156931 87525 822027 425390 202076 888260 260189
405083 288711 747929 168484 514871 62617 704925 821425 566216 568671 968322 297949 553957 822966 515200 813488 300155 300395 976633 120441 325273 624126 252275 743404 777728 566475 144678 131650 0 136182 487800 581707 604370 151409 422464 666326 747554 946164 338287 198118 957058 547866 25201 873794 94378 406940 318836 177239 403540 992770 750522 107056 492082 384976 854569 718000 486444 191396 190699 478465 122242 671318 123613 628360 880249 475303 132510 95875 69443 981453 608058 659202 326851 132519 486499 891618 594289 717703 737902 706651 217584 115537 5960 931634 657484 650260 161993 990490 195926 949530 156375 451949 339957 277448 639983 898871 916063 104609 472850 421696
883465 359038 616482 15400 368763 694262 258434 114054 85149 70448 659425 756010 768975 406597 517952 92558 936691 769183 672816 65852 734897 85497 326010 277839 614782 619819 665148 909386 136182 0 877888 805488 443218 263185 7808 890491 441212 211806 922551 782373 217734 538011 936580 321589 652809 207489 464914 309160 546749 420270 260006 810090 680226 242292 625338 949762 884060 245399 76139 381647 205754 731069 228949 738814 121026 161938 629502 925035 529846 283999 176170 762247 954684 738942 293573 426415 747890 609485 743077 205018 237310 468583 422521 231722 626077 886159 565525 275754 536938 287616 778510 875474 697928 49213 528804 925898 853042 496824 693491 598137
798550 981428 510881 924584 362172 770259 770889 184373 196673 929500 180478 540978 13164 94197 273452 68105 949940 418214 935101 395050 687242 230953 495473 986450 403486 585806 682161 966220 487800 877888 0 1741 484508 826393 47586 236722 680502 863021 467467 59513 801666 264285 951180 251789 770299 988685 445359 193242 42640 699319 24894 521245 275759 913193 784709 858715 474366 983216 766575 160431 970302 44878 901127 180574 330273 528066 128068 434530 3942 708106 282758 531007 638188 144819 391546 429130 789553 855809 170819 367949 867208 392185 395181 185957 618617 685300 280369 209633 196978 510378 980303 475196 193642 650058 813159 476305 649932 443026 756768 623313
471732 590311 931108 173426 482712 96976 803268 274757 123888 250724 631688 124009 266658 704855 531638 714539 77167 143174 43726 161443 208547 283896 346360 433114 371655 540310 450599 257775 581707 805488 1741 0 858094 579142 157214 911524 284274 747873 284989 973183 64853 3025 518286 495212 344608 142064 706677 44076 336862 442699 107708 21294 716540 360294 694406 207972 147728 690159 429516 946062 75220 996491 633709 656699 853629 262573 163209 833090 189381 726880 824833 667463 651794 766082 124875 809320 78786 440136 228044 366788 657709 276877 116137 308146 672064 60010 455557 557165 146716 587833 493446 275070 648183 795039 218901 251054 199108 483574 681638 759067
228873 920167 375036 457161 336427 245590 500012 616386 493645 282062 380616 855766 796659 75179 439279 748431 329776 67968 742309 57802 72283 471429 896627 634981 932385 611851 894771 746557 604370 443218 484508 858094 0 752089 614143 445803 511498 783859 895646 430271 667839 660557 241189 420773 824845 764902 972602 77837 952710 425657 64205 6668 239178 876353 429922 934163 360647 106680 152204 589695 180390 286460 53817 892787 385189 995949 601304 559578 930930 569822 173264 384248 837329 281501 992045 44863 888788 668490 176482 215506 191233 351962 88189 698530 572359 442237 99000 731531 93612 551189 979236 212268 975424 568018 456879 951779 473702 309701 927528 269933
85005 590171 353623 658670 424195 824507 603677 171344 931719 224909 614961 933141 550369 890783 691887 359081 440404 563478 123965 66000 332398 847215 24336 857920 899257 130566 228148 993166 151409 263185 826393 579142 752089 0 286294 311387 336278 814367 934866 610867 17483 712787 388997 563658 295222 210963 384882 52830 162270 113633 192941 723316 303674 210077 717783 504782 618903 845431 563455 874839 271627 304128 822059 537434 596022 985734 822735 302485 418753 800772 436228 980177 415393 583048 827414 217493 804339 922174 41186 164265 486693 524837 506932 111251 456963 71599 905091 279972 154633 141188 52688 27288 533005 692441 151395 432909 297032 535809 516328 363074
374026 785709 90417 296757 986138 13464 125859 57524 644280 434621 838922 937343 943241 393781 661449 98451 215941 374181 249361 180646 537442 472034 85494 72603 742658 625105 171114 850202 422464 7808 47586 157214 614143 286294 0 948534 805148 752992 65025 165281 582148 563686 577276 983163 90365 779805 55083 665614 573347 257480 674022 441981 404037 626373 874945 256655 10357 566834 293481 186456 204831 328358 42648 459721 67478 249703 27808 542422 271678 172245 713728 48153 963269 391797 488231 295878 878948 178386 610024 637808 113409 50413 25350 466667 829335 455172 274122 799373 248819 940754 983620 330960 736541 592488 429281 143800 541518 502671 671500 261376
829605 227928 388822 230000 191364 426118 972453 947042 758095 970251 483509 484402 865058 951192 614149 137812 107144 470058 326521 116235 931376 930760 316474 322170 205259 273325 725416 616871 666326 890491 236722 911524 445803 311387 948534 0 687772 844088 48166 185420 286972 945802 953451 720469 685468 640911 17227 452639 374188 685737 411520 835468 135372 891911 12524 357608 895881 518780 799641 986823 510931 662120 985627 304801 756198 912228 594873 42524 153490 850285 897214 315732 134203 20376 169033 897608 5110 496231 190405 255979 203611 110197 601014 663628 157460 411765 86948 599222 404850 504775 316239 323598 554921 397497 2738 190111 645933 387285 954578 694098
197037 127861 399158 490271 995357 511573 369640 665301 864727 242394 785068 684984 72530 551033 257258 529924 73559 117585 127153 778491 157921 42882 465720 731849 903726 566221 172307 682398 747554 441212 680502 284274 511498 336278 805148 687772 0 551575 200509 546152 221426 821969 740732 755630 526779 529421 220788 100893 694444 57032 502563 270313 766155 182425 60026 10433 94255 646682 768515 228845 347013 601190 970498 361868 455854 819202 687470 2690 80167 670275 666468 114539 743280 679732 870480 758783 35225 479063 206528 692832 137097 496281 141199 99660 477389 831117 113302 140382 778502 149519 685612 805470 766849 867616 826836 796908 33683 110661 973850 76320
680285 573391 515805 544592 185341 414803 393625 562763 183999 2629 510140 773112 446348 399295 793719 357979 513765 341924 882246 269988 840859 241816 132247 672487 333658 559475 64244 633958 946164 211806 863021 747873 783859 814367 752992 844088 551575 0 901827 461730 342230 199992 424162 536424 403433 956908 861607 159913 405736 909354 404525 528291 297762 568484 486713 188089 630661 80408 958929 700664 790367 880329 461323 133656 662475 29542 245863 970277 218267 554039 790068 801689 792799 966164 256886 806150 19671 11351 593069 306314 862244 851477 475243 477625 457904 838550 381563 330607 796892 37510 538357 42524 997558 543786 854469 314933 353924 254296 175218 401207
873452 892125 365543 190464 99156 431750 417558 786220 248276 793663 645850 58179 929453 205634 291670 396939 760701 694006 143721 125579 312918 403169 525574 754308 296085 282097 57236 611433 338287 922551 467467 284989 895646 934866 65025 48166 200509 901827 0 365223 822659 855924 564576 759468 27720 493325 539208 688597 127450 271243 666835 616325 729716 674702 206990 228900 401041 215708 731486 588736 227384 714266 18963 57460 83222 485466 349492 541529 343672 120490 143919 726242 700170 737373 117559 153438 497296 450422 613754 533761 242266 645459 656490 219562 889304 343109 894720 144568 679875 985584 358258 896212 993220 869098 68626 338402 490513 674536 48530 752363
342258 821928 361672 90117 770091 493319 187434 239763 617288 132016 587835 837493 376798 659096 533143 984051 892610 284604 145097 824439 84510 672172 18770 540480 336017 732669 917078 848455 198118 782373 59513 973183 430271 610867 165281 185420 546152 461730 365223 0 250713 562887 647381 121110 29580 800852 51836 143189 944495 742506 437521 408365 381384 233434 822595 106707 908044 606274 28926 616297 79863 869190 94983 684672 764892 849609 556429 757936 26182 483864 243255 195745 962525 393526 166033 722843 236736 437527 372872 458839 766998 912444 286391 982763 319809 652909 468996 448992 173660 437787 91446 321210 517768 883590 777090 347711 230248 301404 176033 285769
619169 285729 903785 584654 461850 361543 484699 57617 833881 801096 366092 107197 836392 529510 863290 269103 672999 497709 647104 820400 259916 636823 68601 105323 473305 508566 942417 12136 957058 217734 801666 64853 667839 17483 582148 286972 221426 342230 822659 250713 0 793652 748660 591202 594938 768795 592107 2699 373570 788845 939669 757754 356799 182792 183100 225858 881628 151795 720414 237805 907127 272603 381576 256982 383963 464386 337731 803469 216069 704227 534399 112029 412992 193178 803385 992369 955571 995326 994942 872647 830514 95141 149544 575527 543478 903538 863532 997971 87155 353384 513866 325420 109687 531648 476655 404017 610008 816312 962023 138672
800620 42817 849782 791605 630852 668439 361798 181132 621171 171562 510116 257306 93869 628920 220489 176618 872738 332560 412484 642446 808119 393906 574521 802359 102651 965225 867478 898351 547866 538011 264285 3025 660557 712787 563686 945802 821969 199992 855924 562887 793652 0 563528 765092 527325 639988 351627 531507 317600 791562 414932 867344 946290 78456 704431 914990 882961 662586 621391 473907 985423 403492 350621 339423 276897 406884 339838 510049 949477 860553 22012 959467 771342 757819 476409 834968 752898 69328 645185 962872 700990 601657 515724 499675 806304 332603 390553 704208 224113 348149 505498 747141 40733 602653 88378 583183 594869 163240 86530 417451
129491 111998 436920 555404 957794 562716 343365 809250 705975 157252 813901 413309 192548 378838 268346 514626 200721 877914 237766 100924 278250 411684 706081 168344 895107 111987 92882 118882 25201 936580 951180 518286 241189 388997 577276 953451 740732 424162 564576 647381 748660 563528 0 30220 765285 514013 502127 989469 29524 762449 192678 2794 335040 869330 701309 882197 26927 434129 736232 344180 338968 513835 942464 68104 321298 605086 989193 769552 511112 192529 887640 711474 235916 3229 318051 498516 792073 496496 47542 772806 478525 500878 424575 332127 26544 49204 254513 437425 150135 500979 887637 251755 799588 849780 244480 703496 847545 440420 746962 705630
671635 413279 661343 183773 492195 630673 938793 943158 270402 120553 587469 959947 150400 582722 37243 873091 631618 566698 46247 353624 719648 856204 81979 742142 350867 295436 208994 311335 873794 321589 251789 495212 420773 563658 983163 720469 755630 536424 759468 121110 591202 765092 30220 0 694983 87929 36439 28206 853559 100491 233878 77905 616623 18711 725388 281651 828290 117507 417088 972215 366102 545371 294265 893350 121297 513449 984408 268643 810434 123580 82871 987892 440540 271537 313630 755770 255779 172411 93775 470182 238764 657417 953934 3232 532293 732516 765887 124249 357126 125457 124639 438430 375305 275295 847690 638174 420398 228383 723893 293513
359222 854794 170697 201593 948033 994255 456567 83338 694291 328809 454329 35298 732873 234534 272084 95885 802735 113910 86950 168898 209264 634 39650 667904 239308 99854 339667 414756 94378 652809 770299 344608 824845 295222 90365 685468 526779 403433 27720 29580 594938 527325 765285 694983 0 465922 253990 516031 244733 608821 923690 537897 503978 78251 856098 606228 833472 930165 608181 16932 796285 66570 534701 656078 767521 57240 517981 979410 174861 379963 472265 142467 921422 120311 847220 440944 55750 851743 74687 243130 715970 780083 404414 616585 499678 951294 849928 491252 118897 487514 339992 882104 705733 525032 910762 138137 475254 502270 361585 887944
408414 496015 559351 359341 137419 27686 396773 653331 456876 253826 444877 45550 454741 755122 371247 793313 809457 424345 300028 538293 759592 630181 373039 779281 764643 704443 165628 501783 406940 207489 988685 142064 764902 210963 779805 640911 529421 956908 493325 800852 768795 639988 514013 87929 465922 0 956665 472005 875549 382837 804530 661291 554263 489609 509474 736951 787413 685316 469413 741152 110618 709359 573960 518558 755632 180911 7807 256639 845739 118403 282710 841403 761348 869495 617664 912713 883716 499393 550692 500802 477226 451329 475886 116783 381655 686568 632897 13451 989841 178198 265709 872492 361825 134827 507878 274349 468392 664380 507302 142524
625258 432764 111116 806255 558673 342742 540992 212638 421613 136138 882308 647190 593230 391025 749480 910714 134857 514616 754355 383637 601706 965685 785653 620989 547896 239878 715851 764165 318836 464914 445359 706677 972602 384882 55083 17227 220788 861607 539208 51836 592107 351627 502127 36439 253990 956665 0 331869 354799 489603 515470 507967 811367 983268 190062 594270 574094 42550 196268 617060 352526 720138 56061 803834 217127 603069 771227 188137 422154 178512 792508 952887 187056 153410 870217 875479 367126 297028 389050 439597 665091 490380 16870 56773 279046 400009 1428 329107 459863 516358 574318 77773 182028 421370 233921 599400 40322 597573 187800 599610
150286 986536 988993 349448 435896 507603 334845 600655 487584 204657 394479 206058 150054 78655 757245 585265 66482 735825 4358 805847 700053 125614 384109 806805 259047 17803 36216 785433 177239 309160 193242 44076 77837 52830 665614 452639 100893 159913 688597 143189 2699 531507 989469 28206 516031 472005 331869 0 968783 762324 750886 908889 441551 588573 428248 867377 676286 827371 527045 87997 476330 335930 414799 151390 861870 290056 223126 630892 215400 626072 497582 907431 817613 424166 154503 627542 396145 286174 455208 298196 73828 678519 871087 553808 175398 133195 880747 988843 945159 548348 652096 348285 158003 575431 623666 660318 905304 780126 112310 646926
562143 489216 840736 840477 540483 670498 620263 704914 875214 934282 683713 255437 458730 46529 786272 314514 646709 492854 72997 271763 310059 47812 307187 384440 866401 125912 544631 860328 403540 546749 42640 336862 952710 162270 573347 374188 694444 405736 127450 944495 373570 317600 29524 853559 244733 875549 354799 968783 0 20995 400214 835126 939630 774022 926268 638170 155860 680203 115640 943853 947515 183822 889508 696751 184384 283779 909936 260725 597546 397938 103141 660762 391927 750448 479085 123214 714487 187935 790413 105853 88416 546348 206241 426307 810040 854812 295971 752328 865034 740040 402230 436919 358003 789646 82369 389608 681958 701934 184927 771219
332602 770056 807361 362347 225321 761880 658836 579911 946193 505476 879646 170537 720503 158294 539534 394187 806749 97418 904199 7451 233793 169104 909691 649868 924633 422628 250495 485943 992770 420270 699319 442699 425657 113633 257480 685737 57032 909354 271243 742506 788845 791562 762449 100491 608821 382837 489603 762324 20995 0 928679 927493 716369 511365 959067 761024 276153 228026 397451 112876 609723 878459 614899 544103 888934 509899 171314 875239 380215 546360 955762 184349 192019 768456 315158 720059 16061 983302 541862 128041 749391 228850 645997 976765 201898 51849 661845 384742 144873 265105 617019 743307 82314 299435 491050 137695 169786 329140 27415 183784
386897 312264 399568 95511 879956 395054 500622 441535 647069 958260 878366 942117 695275 229513 77061 944792 437613 208150 352000 841428 169096 10037 263276 922273 18741 983941 691720 810755 750522 260006 24894 107708 64205 192941 674022 411520 502563 404525 666835 437521 939669 414932 192678 233878 923690 804530 515470 750886 400214 928679 0 889335 223111 894765 746080 250556 562159 399574 860112 64038 713137 267660 393721 590189 690211 823982 657103 762406 373260 926680 961613 677873 328580 566135 853734 632029 206385 484694 959669 326210 127756 447530 400634 665208 359224 215691 626466 820011 814388 38208 190239 397682 426514 952137 939312 400285 858719 710901 924183 259550
253083 743749 517866 307166 570744 470719 43441 160766 406955 560266 392714 622795 956903 968230 908231 177414 701633 402767 306842 185043 450713 459054 276544 893602 475315 306702 617059 262350 107056 810090 521245 21294 6668 723316 441981 835468 270313 528291 616325 408365 757754 867344 2794 77905 537897 661291 507967 908889 835126 927493 889335 0 143865 676000 793946 587374 411591 176689 610200 806814 708900 961294 329980 814022 642230 806445 854902 109888 618296 959032 107683 632320 336159 855787 789444 439385 635036 189735 170543 267469 765438 2291 650755 832719 666097 969159 911456 312555 615686 161052 104208 940210 307416 740426 485871 651372 664010 754711 933312 906718
495015 823134 793464 977119 470143 376105 897251 178886 234267 981421 579112 130446 465466 311871 982386 542637 995544 748513 807052 575797 629240 83508 215208 533325 212044 987469 2270 471238 492082 680226 275759 716540 239178 303674 404037 135372 766155 297762 729716 381384 356799 946290 335040 616623 503978 554263 811367 441551 939630 716369 223111 143865 0 264142 173726 756716 802350 89640 15469 744365 614449 498515 229948 482347 407935 223751 522933 676127 118161 657322 332693 780901 564710 673548 789705 408146 659979 404782 558824 944909 213692 178280 435389 390200 35306 434778 6346 133764 626438 419412 499450 958817 26376 646441 756453 328064 297009 266413 343326 853070
247135 150034 548048 779275 640863 612797 469934 937128 493507 242004 844835 290967 130300 718282 642194 402561 502958 730696 207149 233596 137789 355113 534966 736750 420298 540882 76679 678807 384976 242292 913193 360294 876353 210077 626373 891911 182425 568484 674702 233434 182792 78456 869330 18711 78251 489609 983268 588573 774022 511365 894765 676000 264142 0 156459 550510 731309 835866 387625 521713 707819 976590 68318 192551 670393 837651 857562 685128 547985 262114 973106 98325 14249 660010 976026 175239 520973 827199 235344 927985 31375 795140 529380 339584 213743 581934 828091 826910 904706 139340 574871 206894 462162 941840 88303 805156 539171 402745 269621 520435
808487 866053 896888 165887 416391 277546 629187 929697 702180 188019 601269 377531 593125 769641 153253 318133 845820 717014 268611 728819 191314 583403 126202 482352 770753 154978 489281 730254 854569 625338 784709 694406 429922 717783 874945 12524 60026 486713 206990 822595 183100 704431 701309 725388 856098 509474 190062 428248 926268 959067 746080 793946 173726 156459 0 147204 950867 569909 385153 550250 128627 198314 9935 624375 489081 533625 270734 502229 181775 735061 302084 274920 644810 909563 473586 227684 233220 3861 430033 514129 518206 828319 629692 564143 171056 254305 948457 653934 324015 252711 228204 371684 791116 641697 975101 471571 926110 508370 874193 556264
551445 527821 253090 68640 557384 790732 67254 189604 939014 383352 330168 687723 517066 206239 597841 349267 263712 124846 430703 109764 515405 215105 608475 490111 963749 992991 359241 527117 718000 949762 858715 207972 934163 504782 256655 357608 10433 188089 228900 106707 225858 914990 882197 281651 606228 736951 594270 867377 638170 761024 250556 587374 756716 550510 147204 0 810093 18322 605507 563448 465855 403670 940848 198442 154814 881298 763055 910240 19957 713471 306635 18447 321568 344765 133477 812147 348295 630540 449680 981980 923977 393407 704519 379019 532940 222857 560996 131511 382267 148323 309650 436812 408788 655241 871684 44285 236992 661638 552706 284015
284845 60947 773395 317666 415950 933964 215160 90090 486767 900086 907236 480075 264396 752214 263884 790804 180580 425472 431863 308724 589227 278310 399453 807950 878597 825358 764454 256005 486444 884060 474366 147728 360647 618903 10357 895881 94255 630661 401041 908044 881628 882961 26927 828290 833472 787413 574094 676286 155860 276153 562159 411591 802350 731309 950867 810093 0 634106 327203 667120 617594 151682 927580 977317 935887 364543 652561 575838 181210 894360 902524 331822 762487 433140 666933 80037 158764 39607 169095 724837 346589 241016 378552 915179 998287 944876 934216 925778 197263 167567 875908 65581 357438 930120 995062 245873 965927 165733 885653 746712
408568 799971 992635 831866 536919 337437 814615 311430 334557 59260 9449 477463 958794 87328 534059 557357 466848 712553 261239 146068 234201 429055 347457 298533 409326 105902 483939 800285 191396 245399 983216 690159 106680 845431 566834 518780 646682 80408 215708 606274 151795 662586 434129 117507 930165 685316 42550 827371 680203 228026 399574 176689 89640 835866 569909 18322 634106 0 861589 177360 355777 199522 665521 257786 935068 661924 442477 807462 377973 935357 25295 132683 124987 749135 282704 516968 41682 133969 553072 725666 972351 183698 873974 583336 973243 380989 236582 868601 495190 694652 172155 152013 924225 365066 518079 784639 100103 192786 882752 32638
