100
0 81722 50546 79959 47292 51747 54712 7396 58005 52529 61319 66453 61823 76359 55454 60837 29465 61066 66711 75051 58395 38189 44176 32315 39742 46514 23229 27872 59119 39600 81204 45383 59424 40396 51094 74411 16551 30485 42587 18676 82697 76869 48206 41961 44633 59558 41795 57384 59943 18175 47672 13514 45131 65485 63599 68428 66551 57229 58818 33924 69255 52136 43778 29833 10070 45519 47691 92284 34572 65145 37477 32894 39937 23819 54176 50627 52788 47440 87384 38838 96258 69223 62176 35121 52257 74622 57020 29914 37537 71077 47838 34762 74313 38803 74667 42224 21417 61322 44293 62137
81722 0 84058 118019 45492 68764 58505 74326 55213 49961 83256 31346 70001 97938 58984 25729 66328 27956 59318 41940 73199 77615 56373 54251 65539 53517 76465 53850 92632 94951 54870 85921 90326 62332 58535 82589 76232 68608 61117 74107 90875 51109 55209 63897 83826 92428 53992 73359 99391 68391 103024 78478 76034 79843 57567 13293 71758 79165 96875 73352 100834 76913 55976 69260 77000 53697 52338 65951 68085 98658 49090 48829 52134 70786 76112 107486 50988 55618 84593 79653 111063 82178 66873 91527 51531 82206 32002 69341 54454 69276 73816 46959 54737 72315 49650 73803 78278 41169 82353 59345
50546 84058 0 88270 41188 52387 57049 43750 60340 38442 11759 68290 53929 54224 65994 62674 29553 58725 60606 60384 50220 29066 46512 36165 21142 34783 27916 43989 8574 42838 54969 37209 68142 32682 51183 78775 49403 21363 42675 51529 83764 61601 36476 34247 35349 50436 30065 38784 77788 40843 50910 46365 58923 63770 44758 70764 50634 52823 62057 24802 69980 70378 46114 20711 42922 58447 35961 43888 15972 46544 41325 38968 42274 52699 18902 58937 36680 60368 89720 68134 88083 73519 60338 43431 40011 24075 54677 20631 41428 29335 56430 37098 65228 20202 59451 42949 29728 47234 52604 64473
79959 118019 88270 0 97366 108713 77982 72563 74690 94767 93449 107754 86838 120438 80468 102138 100821 90064 81818 76078 81753 75913 99274 83173 77466 91108 60353 93013 96845 99163 115896 84218 56276 91254 110411 99425 81719 68211 113943 83844 107711 109265 92802 92819 82358 97283 86390 90194 107836 93322 107235 78681 41984 96679 60451 110935 106960 104233 118381 71649 86443 112101 98875 67559 75237 70533 92286 126978 72297 96398 84125 87990 92757 88987 100592 87750 91870 72455 104070 99310 43890 117366 102061 44838 96336 112346 94110 67639 102705 75874 103278 89859 105637 76528 111758 59413 58541 89203 35666 78822
47292 45492 41188 97366 0 59924 61954 39896 58662 46358 41359 27704 59924 53504 53555 33320 34672 17535 19417 31520 59463 38162 55755 45407 20046 42320 37012 42637 49762 52081 65332 46453 71966 53489 13044 72512 30740 29155 21550 28615 80798 58700 40626 55053 44592 58228 39309 48027 86592 45962 60153 40666 57675 69766 39207 58785 26267 58652 71299 33898 79076 62075 55358 29807 37222 43619 43497 76413 25216 55787 50569 47659 51517 50973 48502 62099 5495 45541 69422 44704 97326 70094 54788 52527 47927 65264 13488 29873 46546 23784 62602 46341 61079 29445 31136 52045 38824 37566 61700 62794
51747 68764 52387 108713 59924 0 49304 56721 48673 47121 64147 76969 51229 83566 54864 71353 44862 69440 74062 55944 37286 49508 38768 47711 41583 17603 48358 36246 60961 63280 49937 50297 88584 55792 66491 69976 63442 41806 57984 65567 66584 56570 19296 57358 55791 70878 22321 59226 82688 33571 71352 60404 79365 61071 70537 63020 71077 72625 79271 45244 90423 82373 38370 41153 56961 44927 16425 61019 36414 62987 52872 31223 34529 64246 69572 79379 54427 43005 78054 76814 75149 87639 72333 63873 48690 76463 65393 41073 56736 55115 56211 29355 60197 40644 79893 63391 50170 55914 73046 52806
54712 58505 57049 77982 61954 49304 0 47316 3291 37716 68808 38392 67681 103144 69903 32776 54421 44419 64524 58403 51383 50606 29363 57270 46244 31700 49456 26841 65622 67941 64787 58910 63788 65352 74999 61626 56473 41598 67542 58597 72135 58155 32668 66916 57050 65417 26982 63887 96786 43130 76014 53434 49496 77524 54415 53615 75737 77927 69865 46341 59099 83959 28965 42251 49990 59967 32878 75868 41075 71648 56136 21818 14774 63740 75952 76782 65258 60764 32671 67409 89246 80294 73919 64971 39286 69962 48465 42331 52079 68487 46807 19949 61782 45306 66113 32068 51268 46376 55816 7423
7396 74326 43750 72563 39896 56721 47316 0 50608 45134 55510 63839 54427 68963 48059 61480 36861 53670 59315 67656 50998 31393 36780 32959 32946 39117 15833 20476 52324 32204 73808 37988 52027 41040 52940 67015 9155 23690 49983 11280 75301 70544 40810 42605 37838 52763 34399 50589 52547 25571 40276 6117 37735 58089 56202 61032 62439 57872 51422 27129 61858 44740 36383 23038 2673 38122 40295 84889 27777 58349 38119 25497 32541 16424 54819 43230 45392 40044 79989 46234 88862 61827 54781 27724 46703 67826 49623 23119 30141 63681 40441 27366 66917 32007 67272 34827 14021 53925 36897 54741
58005 55213 60340 74690 58662 48673 3291 50608 0 41008 72101 35099 67050 99852 73196 29483 57712 41126 61232 55111 50752 53898 28771 58005 49536 31069 52747 30132 68915 71233 61495 62203 67080 66086 71706 64918 59764 44890 64870 61890 68843 54863 29376 67652 60343 68709 30274 67179 96154 46422 79306 56726 52788 76892 51123 56907 79030 81218 69273 49634 62391 80667 29170 45542 53282 63259 32247 72576 44367 74939 52844 25110 18066 67032 79243 73490 64159 64056 29379 70012 88615 83586 70627 68262 42577 73253 45174 45623 51487 65194 50098 23241 58491 48597 62821 35360 54559 43084 59107 4132
52529 49961 38442 94767 46358 47121 37716 45134 41008 0 50202 29847 37430 65560 34906 24232 46939 48111 26940 62096 49200 35563 27180 21509 27639 29518 34413 24657 47016 49335 54888 43707 74639 29590 59402 50018 54290 27860 59619 56414 58304 49611 31210 31155 41846 56933 24799 44631 75312 35649 57407 48350 65421 47272 77722 51432 57131 46423 65823 31299 71789 75415 26783 27208 47807 24969 30695 43807 22469 53041 26671 19635 22941 38044 43370 65434 51520 23047 53732 29691 87063 80015 65375 49928 1568 32245 44063 27127 38181 67028 44623 17766 53239 26699 61711 49447 36225 8792 59101 45140
61319 83256 11759 93449 41359 64147 68808 55510 72101 50202 0 63142 65688 65984 77173 57525 41313 58895 60777 48625 61980 40826 58272 29004 32901 46544 39677 55749 20334 54598 64028 48969 65757 20922 54403 68979 61164 33123 54435 63288 95524 57395 48236 22488 47110 62196 41825 50544 80382 43143 62670 55844 51464 75531 32998 82525 62395 53918 57155 36563 63122 58618 57874 32471 54681 67237 47722 55648 27732 58304 34165 50728 54033 45538 7142 70697 46855 69159 101481 79894 99844 63883 48578 55191 48944 35835 54848 32391 53187 17575 68190 48858 60715 31962 71211 54709 41488 58995 57783 76232
66453 31346 68290 107754 27704 76969 38392 63839 35099 29847 63142 0 60651 77824 54282 5615 42892 18262 39204 32247 79049 58107 57029 34137 47751 59366 56958 43363 76864 79183 37628 66250 80633 42218 38277 73239 58445 50404 29770 56320 81525 30995 61058 43783 61355 79477 54648 64009 94689 48277 86020 60979 66341 70493 47875 44639 53734 59051 78452 53844 80720 56799 56631 49752 64422 44346 60543 48708 52317 82889 28976 48386 52789 50672 55998 87979 33200 46268 64479 59539 111467 62064 46760 72472 31416 62092 14215 49672 54767 51490 63329 47615 34622 56547 31863 53689 58770 21055 72088 39231
61823 70001 53929 86838 59924 51229 67681 54427 67050 37430 65688 60651 0 102991 26241 61663 64668 42388 64371 56374 55663 41571 52413 48831 43125 35981 40421 54622 62503 64821 68314 49876 71782 56912 72968 41353 58235 32564 76452 60360 49639 74946 37673 58477 48016 61637 40698 35966 66647 62972 72893 48309 57490 9842 72000 56707 72617 50005 84039 37308 82486 93821 52811 33216 51753 16305 34803 78461 37955 68527 53993 49600 52906 38004 70692 71442 56225 14382 91163 67122 93527 95501 90710 55936 39000 58648 46436 33297 72333 73491 68935 47732 78573 42185 64083 55454 42233 46223 51171 71182
76359 97938 54224 120438 53504 83566 103144 68963 99852 65560 65984 77824 102991 0 100466 72208 62089 71040 38620 85025 101650 83291 92741 87070 73551 89008 82141 89439 45650 94474 104221 88639 106490 86907 40461 115579 59808 75588 48967 61933 123866 97588 90701 88473 80553 104661 84291 87831 120827 73379 102546 69733 92198 112834 92712 111232 41406 73793 113693 75299 98722 95392 92343 74936 66289 90530 90186 98113 70197 62803 92232 85196 88502 80039 73128 77240 59000 88609 119293 95252 139513 117808 105432 96688 67129 78300 66993 74855 73964 77289 104667 83328 101215 71838 84641 93446 82986 56769 98516 95720
55454 58984 65994 80468 53555 54864 69903 48059 73196 34906 77173 54282 26241 100466 0 59137 58298 36019 61846 50004 41820 65503 59367 48170 57579 61503 63892 53106 57420 72059 80574 54830 65413 56250 66599 38828 51867 57800 71420 53991 47115 73942 63195 57816 71786 86874 56986 29597 40406 62309 63986 41940 51121 36082 65631 45690 76022 43636 75133 61239 95580 87451 58970 57149 45384 9936 61043 72093 52409 82981 53330 48084 55128 31634 70030 91290 59052 11857 88639 64597 79682 104537 89707 53975 36475 52279 40066 57067 65964 77340 73073 49954 77569 56639 57715 68549 62080 43697 44802 77327
60837 25729 62674 102138 33320 71353 32776 61480 29483 24232 57525 5615 61663 72208 59137 0 48508 23878 33589 37863 73432 52492 51412 28522 51870 53749 51341 48889 71248 73567 32011 60635 79793 36602 43893 74250 64062 44788 35387 61937 82537 25379 55443 38168 58774 73861 49031 67474 99544 42661 80404 55362 65501 71504 53490 39024 59351 53435 72835 48227 75104 51183 51014 44136 58807 49201 54927 43092 46702 77273 23360 43867 47173 45056 50383 82363 38816 47279 58863 53923 105851 56448 41143 66856 25800 56476 19831 44055 60382 57105 68856 41998 29006 50932 37479 48073 53153 15440 66472 33615
29465 66328 29553 100821 34672 44862 54421 36861 57712 46939 41313 42892 64668 62089 58298 48508 0 52209 54090 66194 62771 41618 34589 25429 43009 46221 40467 37624 38127 64706 76616 49761 85766 33511 21628 76147 41160 33914 13121 43285 85541 69983 47914 35076 18462 62988 41503 60651 89409 11289 72778 35897 71474 74509 73880 53034 37085 50343 69744 37353 75709 76745 34988 33262 34678 48362 47400 73442 37839 68412 30590 32601 39645 26664 47290 71488 40168 50285 87093 56337 100634 55718 71023 55982 45371 53629 48161 33182 11874 58457 57590 34470 73610 42069 65810 55303 42279 55731 65155 59229
61066 27956 58725 90064 17535 69440 44419 53670 41126 48111 58895 18262 42388 71040 36019 23878 52209 0 36954 13985 71520 55699 49499 52400 37582 51836 54548 33194 67298 69617 53802 63988 62370 60482 30579 54976 48276 46691 39086 46152 63262 47170 53529 62046 62128 75764 47119 45745 76426 59528 77689 58088 48078 52230 29611 41249 43802 59784 88835 51435 92537 65720 49101 47343 54758 26083 53014 64883 42751 73324 47239 38216 45261 47783 66038 79635 23031 28005 59981 62240 109382 70985 55680 63570 49679 68427 4046 47409 64082 41321 53161 40086 43543 46982 21694 65506 56360 39318 54397 45259
66711 59318 60606 81818 19417 74062 64524 59315 61232 26940 60777 39204 64371 38620 61846 33589 54090 36954 0 50939 70440 49124 54121 48450 39465 56458 47974 51598 69181 71499 65600 57430 86546 56532 32462 76959 50158 41421 40968 48033 85245 58968 58151 58096 55569 70495 51740 67445 102253 62591 79571 60084 72253 74214 58626 72612 45684 73364 90717 36678 81856 81493 53723 40769 56640 51910 57636 70748 44633 75206 53611 46576 49883 64985 67920 78995 24913 49989 80673 56632 108303 89511 74206 63489 28510 59185 32907 40851 65122 43203 68307 44707 62595 48863 50554 54825 49786 18149 72663 57100
75051 41940 60384 76078 31520 55944 58403 67656 55111 62096 48625 32247 56374 85025 50004 37863 66194 13985 50939 0 60378 69683 61860 66385 51568 40695 65101 47179 68958 83603 39817 73390 48385 69547 44564 68961 62262 60677 53072 60137 77248 33185 42388 68093 76113 89750 45414 59730 63011 73513 80957 72074 34093 66215 15626 55235 57787 73769 92102 65419 78553 51736 61463 61328 68743 40068 39518 50898 56736 87308 61224 52202 57621 61767 55767 87433 37016 41991 73966 76225 98242 57001 41695 49585 63664 70712 18031 61394 78068 31049 67145 52447 29558 60966 35679 51521 63288 53303 40413 59243
58395 73199 50220 81753 59463 37286 51383 50998 50752 49200 61980 79049 55663 101650 41820 73432 62771 71520 70440 60378 0 38025 40848 45123 39416 19682 36875 38324 58795 61114 54372 13011 82174 42111 72507 73111 41842 30322 75893 39717 68663 61004 21375 43676 44309 59396 24400 57059 82226 54614 69185 51769 67882 65505 72616 65099 68909 70037 78344 33761 78939 73177 40449 29670 48324 51755 20861 65453 34247 64819 50284 33302 36608 61658 55891 67897 53982 53678 80132 78892 37863 91794 76768 52390 50769 74297 67472 29590 63564 57193 58290 31433 64631 38477 77726 51908 38688 57992 61564 54884
38189 77615 29066 75913 38162 49508 50606 31393 53898 35563 40826 58107 41571 83291 65503 52492 41618 55699 49124 69683 38025 0 40070 23970 18262 31904 15559 33808 37640 39959 66594 25014 60858 32050 51206 72332 37208 9006 54739 39333 80885 68523 33597 33616 23154 38079 27186 35905 74910 38110 48031 34170 46566 51413 65033 64321 47756 48883 59178 12445 57623 72793 39671 8355 30726 55567 33083 72955 13093 43665 29130 28786 35830 40505 45830 46580 32667 55955 83277 65255 75888 70639 82833 31074 37132 53143 51652 8435 53492 58401 44073 30656 72151 17324 56572 30592 17371 44355 40247 58030
44176 56373 46512 99274 55755 38768 29363 36780 28771 27180 58272 57029 52413 92741 59367 51412 34589 49499 54121 61860 40848 40070 0 46734 35708 21164 38919 16305 55086 57405 55854 48374 82709 43857 56218 51090 45937 31062 47711 48061 70145 62486 22857 43592 46514 54881 16446 53351 86250 32594 51647 42898 69927 62256 74099 43080 65201 67390 40501 35805 80983 81521 397 31715 39454 49431 22342 66935 30540 61111 51895 11282 14588 53205 57637 69940 54722 50228 58151 56872 78710 66561 78250 54434 28750 59425 45453 31795 22715 58676 36270 9413 66113 34769 63100 53952 40731 35973 63607 24640
32315 54251 36165 83173 45407 47711 57270 32959 58005 21509 29004 34137 48831 87070 48170 28522 25429 52400 48450 66385 45123 23970 46734 0 25360 39002 22820 40473 44738 47057 51185 32112 61593 8081 47058 67126 36766 16266 38551 38891 75413 44554 40695 9645 30252 45340 34285 38952 82007 14140 55129 26841 47302 58673 62001 67545 54854 24913 44313 19705 50279 70358 46337 15614 30284 38233 40180 62266 20192 50764 5160 35451 42495 16534 21860 53840 39926 40156 75242 51201 82987 61405 60317 38334 19940 50616 48353 15533 37304 46578 51333 37321 48181 24421 63670 29874 24632 30301 47507 62138
39742 65539 21142 77466 20046 41583 46244 32946 49536 27639 32901 47751 43125 73551 57579 51870 43009 37582 39465 51568 39416 18262 35708 25360 0 23980 17112 33185 29716 32034 58670 26406 57338 33441 33090 67972 38599 10559 41597 40725 72960 65302 25672 35006 24546 39632 19261 27980 66984 39501 40107 35561 48119 52966 59254 59960 39831 42019 51252 13998 59176 74184 35310 9907 32118 47642 25157 65030 5168 35740 30522 28164 31469 41895 40044 48133 25542 49564 76595 57330 77280 62715 74835 32627 29207 45217 33536 9826 54882 43832 45626 26294 68928 9399 38310 32145 18924 36431 41800 53668
46514 53517 34783 91108 42320 17603 31700 39117 31069 29518 46544 59366 35981 89008 61503 53749 46221 51836 56458 40695 19682 31904 21164 39002 23980 0 30754 18641 43357 45676 34689 32694 70981 47083 55363 53427 48273 24201 59343 50398 48980 41321 1692 48648 38188 53274 4717 41622 65084 34931 53748 45235 61761 45822 52933 45416 53473 55661 61667 27641 72818 67125 20766 23549 41791 51769 1177 45770 18810 49382 44163 13619 16926 55538 53686 61776 36824 50363 60450 59210 57546 72391 57085 46269 31086 58859 47789 23468 43881 37511 38607 11750 44949 23041 62289 45787 32567 38309 55442 35201
23229 76465 27916 60353 37012 48358 49456 15833 52747 34413 39677 56958 40421 82141 63892 51341 40467 54548 47974 65101 36875 15559 38919 22820 17112 30754 0 32658 36490 38809 65444 23864 45298 30900 50057 71183 24989 7856 53590 27114 79736 67373 32447 32465 22004 36929 26037 34755 68382 32968 46881 21951 31006 50263 49473 63171 46605 47733 58027 11295 51425 60574 38521 7204 18507 53956 31933 71805 11944 42515 27980 27636 34680 32257 44680 31021 31517 54804 75131 62069 74739 65618 70614 15514 35982 51993 50501 7285 45975 57251 42924 29506 71001 16173 55422 24394 1811 43205 24688 56880
27872 53850 43989 93013 42637 36246 26841 20476 30132 24657 55749 43363 54622 89439 53106 48889 37624 33194 51598 47179 38324 33808 16305 40473 33185 18641 32658 0 52563 52680 53332 42113 72503 48555 55680 48568 29631 24802 50745 31757 67622 59963 20334 50119 40253 48620 13923 50829 73024 26334 60752 26593 58211 64464 62806 40556 62678 64867 56806 29544 74722 65216 15906 25453 23149 43170 19819 64412 28016 58588 45634 5021 12065 36899 62334 63679 48132 45092 59512 54349 76187 82302 75257 48173 26227 56902 29147 25534 39020 56153 19965 6890 63590 32246 46795 47692 34471 33449 57346 34265
59119 92632 8574 96845 49762 60961 65622 52324 68915 47016 20334 76864 62503 45650 57420 71248 38127 67298 69181 68958 58795 37640 55086 44738 29716 43357 36490 52563 0 51412 63543 45784 76716 41257 59756 87349 57977 29937 51249 60103 92338 70176 45050 42821 43924 59010 38639 47358 86362 49417 59485 54939 65322 72344 53332 79338 59208 61398 70630 33377 74925 78952 54688 29285 51496 67021 44536 52462 24546 55119 49899 47541 50847 61273 27476 67512 45254 68942 98294 76708 96657 82092 68912 52005 48585 32650 63251 29204 50001 37908 65004 45672 73802 28776 68025 47895 38302 55809 61178 73046
39600 94951 42838 99163 52081 63280 67941 32204 71233 49335 54598 79183 64821 94474 72059 73567 64706 69617 71499 83603 61114 39959 57405 47057 32034 45676 38809 52680 51412 0 69728 48102 70576 55138 65125 89668 41360 32256 73633 43486 94657 63096 47369 56704 46242 61329 40958 49677 34950 57776 8072 38323 69816 74664 82334 81657 53067 63716 19217 35695 80873 76945 57007 31604 34878 69339 46854 80809 26865 57437 52218 49861 53166 48628 61741 69830 55917 71261 100614 78439 72632 75951 71607 54324 50905 66914 65570 31524 62347 72173 67324 47991 59469 22635 70344 53842 40621 58128 63498 75365
81204 54870 54969 115896 65332 49937 64787 73808 61495 54888 64028 37628 68314 104221 80574 32011 76616 53802 65600 39817 54372 66594 55854 51185 58670 34689 65444 53332 63543 69728 0 67383 88203 43104 75905 88117 68020 58891 67398 65896 83670 6631 36382 41539 72877 87965 39407 76312 99774 65325 61656 77947 73911 78157 55444 41576 88163 76099 72802 62331 82174 32435 55456 58240 74502 70638 33511 11080 53500 84072 55372 48309 51616 67721 56884 68133 70828 68717 90875 84580 87103 37700 22395 80959 56457 30893 51843 58158 78570 53399 73297 46440 10258 57730 69492 80085 67256 47451 80231 65627
45383 85921 37209 84218 46453 50297 58910 37988 62203 43707 48969 66250 49876 88639 54830 60635 49761 63988 57430 73390 13011 25014 48374 32112 26406 32694 23864 42113 45784 48102 67383 0 69164 40193 59496 80637 28831 17312 62882 26706 81674 74015 34387 41759 31298 46384 35329 44048 83053 46252 56174 38757 54871 59719 73338 72626 55899 57026 67321 20750 65928 60166 47976 16660 35313 63710 33871 78464 21237 51808 37273 37091 44135 48647 53974 54886 40971 64259 91582 73399 50873 78782 70207 39379 45275 61285 59941 16578 61634 66544 52379 38960 77643 25466 64715 38897 25676 52498 48552 66334
59424 90326 68142 56276 71966 88584 63788 52027 67080 74639 65757 80633 71782 106490 65413 79793 85766 62370 86546 48385 82174 60858 82709 61593 57338 70981 45298 72503 76716 70576 88203 69164 0 69674 85010 84370 61183 53155 93517 63308 92656 81571 72673 71239 67303 82228 66263 74981 80144 75733 78647 58145 14291 81624 32758 95881 78371 86507 89793 49866 58751 84408 82311 52504 54702 55477 72159 99284 52169 68705 56432 72935 78470 68451 72899 72696 76815 57399 96460 84254 100167 89673 74369 29783 76208 92218 66417 52584 82169 48181 81495 73296 77945 47939 84065 31720 43487 83431 20610 69042
40396 62332 32682 91254 53489 55792 65352 41040 66086 29590 20922 42218 56912 86907 56250 36602 33511 60482 56532 69547 42111 32050 43857 8081 33441 47083 30900 48555 41257 55138 43104 40193 69674 0 55140 75207 44847 24348 46632 46972 83493 36473 48777 1564 38334 53420 42365 47034 90089 22220 47378 34921 55382 55385 53921 75627 62934 32994 36233 27786 42198 62276 44255 23696 38365 46314 48261 54186 28272 58844 13242 43533 50576 24615 13779 61921 48008 48236 83323 59282 79974 53324 52237 46415 28022 56758 56434 23614 45384 38497 59414 45401 40100 32502 71752 37954 32712 38382 55588 68497
51094 58535 51183 110411 13044 66491 74999 52940 71706 59402 54403 38277 72968 40461 66599 43893 21628 30579 32462 44564 72507 51206 56218 47058 33090 55363 50057 55680 59756 65125 75905 59496 85010 55140 0 85556 43784 42199 8506 41659 93842 69274 53670 56704 40092 71272 52352 61071 99637 32918 73197 53711 70719 82810 52251 71830 32470 64856 84344 46943 89786 75119 56616 42851 50267 56663 56541 86986 38259 68831 52220 54230 61274 48292 61546 68303 18540 58585 82466 57748 110371 77348 67833 65571 60971 75258 26532 42917 33503 36828 75646 56099 72901 42489 44181 65089 51868 50610 74744 75838
74411 82589 78775 99425 72512 69976 61626 67015 64918 50018 68979 73239 41353 115579 38828 74250 76147 54976 76959 68961 73111 72332 51090 67126 67972 53427 71183 48568 87349 89668 88117 80637 84370 75207 85556 0 70823 63325 89040 72949 62228 89055 55120 76773 78777 87145 48709 46651 79235 64857 97740 60897 70078 51195 84589 69296 81229 60690 91592 68068 110936 106408 50692 63977 64341 28892 54605 91049 62802 93374 72287 43546 46851 50591 76121 102203 78008 26970 94298 79710 66294 117651 104820 72933 51588 71236 59024 64059 73806 86553 68533 41676 92683 67032 76671 86215 72995 58810 63759 69051
16551 76232 49403 81719 30740 63442 56473 9155 59764 54290 61164 58445 58235 59808 51867 64062 41160 48276 50158 62262 41842 37208 45937 36766 38599 48273 24989 29631 57977 41360 68020 28831 61183 44847 43784 70823 0 29505 52291 2124 79109 61388 49966 46412 43491 58578 43555 56242 61703 29870 49432 9925 46891 67245 50168 70188 57007 61680 60578 32945 71014 35584 45538 28853 6481 41931 49451 79101 33431 64003 41927 34653 41697 20231 58628 52387 36236 43853 89144 55390 79705 60929 45625 36880 55858 73480 44229 28772 33949 54525 44860 36522 57761 29509 61877 43983 23178 63081 46053 63897
30485 68608 21363 68211 29155 41806 41598 23690 44890 27860 33123 50404 32564 75588 57800 44788 33914 46691 41421 60677 30322 9006 31062 16266 10559 24201 7856 24802 29937 32256 58891 17312 53155 24348 42199 63325 29505 0 47037 31630 73183 60820 25894 25912 15451 29072 19483 28202 67206 30406 40328 26468 38863 42406 57330 55315 40052 41180 51474 4742 49920 65090 30664 651 23023 47864 25380 65252 5390 35963 21428 19779 26823 32801 38127 38877 23659 46947 74271 57552 68185 62936 75130 23371 29429 45439 42645 732 45788 50699 36370 21649 64448 9621 48869 22889 9668 36652 32544 49022
42587 61117 42675 113943 21550 57984 67542 49983 64870 59619 54435 29770 76452 48967 71420 35387 13121 39086 40968 53072 75893 54739 47711 38551 41597 59343 53590 50745 51249 73633 67398 62882 93517 46632 8506 89040 52291 47037 0 50167 97326 60767 61037 48197 31585 76109 54626 69578 102531 24411 81704 49019 79225 86294 60758 66156 23964 56350 79867 50476 81279 83627 48109 46384 47800 61484 60521 78480 46767 77338 43713 45723 52767 39785 60412 59797 27046 62069 90973 66255 113756 68840 76339 69104 58492 66752 35039 46303 24995 45336 70711 47592 64393 50996 52687 68425 55402 50826 78278 69002
18676 74107 51529 83844 28615 65567 58597 11280 61890 56414 63288 56320 60360 61933 53991 61937 43285 46152 48033 60137 39717 39333 48061 38891 40725 50398 27114 31757 60103 43486 65896 26706 63308 46972 41659 72949 2124 31630 50167 0 81234 59264 52091 48537 45616 60703 45680 58367 63828 31995 51557 12050 49016 69371 48044 72314 54883 63806 62704 35069 73139 33460 47663 30979 8607 44055 51576 76976 35555 66128 44052 36778 43822 22356 60752 54511 34111 45977 91269 57515 77580 58804 43499 39005 57983 75604 42105 30897 36074 52400 46984 38647 55637 31635 59752 46108 25302 65206 48178 66021
82697 90875 83764 107711 80798 66584 72135 75301 68843 58304 95524 81525 49639 123866 47115 82537 85541 63262 85245 77248 68663 80885 70145 75413 72960 48980 79736 67622 92338 94657 83670 81674 92656 83493 93842 62228 79109 73183 97326 81234 0 90302 47287 85058 87168 102256 53698 56841 73319 83912 102730 69184 78364 59481 92875 77581 102454 70880 110647 76621 48707 114694 69747 72530 72628 37178 50158 94751 67791 98364 80573 62600 65906 58877 97274 110757 82418 35257 98223 87996 106527 121371 106066 81218 59873 79522 67309 72450 92861 83105 87588 60731 93929 72021 84957 75738 81547 67096 72045 64711
76869 51109 61601 109265 58700 56570 58155 70544 54863 49611 57395 30995 74946 97588 73942 25379 69983 47170 58968 33185 61004 68523 62486 44554 65302 41321 67373 59963 70176 63096 6631 74015 81571 36473 69274 89055 61388 60820 60767 59264 90302 0 43014 34907 74806 89893 46040 82945 96198 58693 55024 71314 67279 84788 48812 48208 84731 69468 66171 64260 75541 25803 62088 60168 67870 64006 40143 17712 60132 90704 48740 54942 58247 61088 50252 61501 64196 62084 84243 79304 80472 31068 15763 82771 51180 37525 45211 60087 74913 46767 79929 53072 3626 64362 62859 73453 69185 40819 73599 58995
48206 55209 36476 92802 40626 19296 32668 40810 29376 31210 48236 61058 37673 90701 63195 55443 47914 53529 58151 42388 21375 33597 22857 40695 25672 1692 32447 20334 45050 47369 36382 34387 72673 48777 53670 55120 49966 25894 61037 52091 47287 43014 0 50342 39880 54967 6410 43315 66777 36625 55441 46928 63455 47516 51240 47109 55165 57354 63360 29333 74511 68818 22459 25243 43484 53461 2870 47463 20503 51075 45856 15313 18618 57230 55379 63468 35130 52057 58756 60903 59238 74083 58779 47962 32779 60552 49482 25161 45574 35817 40300 13443 46641 24733 63982 47481 34259 40002 57136 33508
41961 63897 34247 92819 55053 57358 66916 42605 67652 31155 22488 43783 58477 88473 57816 38168 35076 62046 58096 68093 43676 33616 43592 9645 35006 48648 32465 50119 42821 56704 41539 41759 71239 1564 56704 76773 46412 25912 48197 48537 85058 34907 50342 0 39899 54985 43930 48598 91653 23785 48943 36486 56947 56950 55485 77191 64500 34559 37797 29351 40633 60712 43990 25260 39930 47879 49826 52620 29837 60409 14806 45097 52141 26180 15344 63486 49572 49801 84889 60847 81539 51759 50671 47981 29586 58323 57999 25179 46950 40062 60980 46966 38535 34068 73316 39519 34277 39947 57153 68232
44633 83826 35349 82358 44592 55791 57050 37838 60343 41846 47110 61355 48016 80553 71786 58774 18462 62128 55569 76113 44309 23154 46514 30252 24546 38188 22004 40253 43924 46242 72877 31298 67303 38334 40092 78777 43491 15451 31585 45616 87168 74806 39880 39899 0 44524 33470 42188 81192 29752 54314 40454 53011 57858 71478 70533 54038 55166 65460 18890 64068 79076 46116 14799 37009 61851 39365 79238 19376 49948 35413 35231 42276 45126 52113 53025 39111 62399 89722 67030 82171 74182 89116 37519 43415 59426 58082 14718 30337 64684 50519 37100 78433 23606 62855 37037 23816 50638 46692 64475
59558 92428 50436 97283 58228 70878 65417 52763 68709 56933 62196 79477 61637 104661 86874 73861 62988 75764 70495 89750 59396 38079 54881 45340 39632 53274 36929 48620 59010 61329 87965 46384 82228 53420 71272 87145 58578 29072 76109 60703 102256 89893 54967 54985 44524 0 48557 57275 96280 59479 69402 55540 67936 71479 86403 79133 69125 70253 80547 33815 78993 94163 54483 29725 52096 76937 54452 94325 34463 65035 50500 43598 50642 61875 67201 67950 52732 76021 98089 86625 97258 92009 104204 52444 58502 74512 71717 29806 74862 79771 65444 45467 93520 38693 77943 51962 38741 65725 61617 72841
41795 53992 30065 86390 39309 22321 26982 34399 30274 24799 41825 54648 40698 84291 56986 49031 41503 47119 51740 45414 24400 27186 16446 34285 19261 4717 26037 13923 38639 40958 39407 35329 66263 42365 52352 48709 43555 19483 54626 45680 53698 46040 6410 43930 33470 48557 0 36905 69802 30214 49030 40517 57043 50540 57652 40698 48754 50943 56949 22922 68100 71843 16048 18831 37073 47050 5895 50488 14092 44664 39446 8901 12208 50819 48968 57058 41541 47848 59654 54492 62263 71638 61803 41551 26369 54141 43072 18750 39163 42228 33889 7032 49666 18323 57572 41070 27848 33591 50725 34407
57384 73359 38784 90194 48027 59226 63887 50589 67179 44631 50544 64009 35966 87831 29597 67474 60651 45745 67445 59730 57059 35905 53351 38952 27980 41622 34755 50829 47358 49677 76312 44048 74981 47034 61071 46651 56242 28202 69578 58367 56841 82945 43315 48598 42188 57275 36905 0 70004 53092 57750 51666 60847 45808 75357 60064 46424 14039 68895 31642 76819 91827 52954 27550 49760 19662 42800 81818 22811 53384 44113 45807 49112 41361 57688 65776 51862 21583 96559 74323 94923 80357 95662 50270 46201 62006 49793 27469 72526 68119 63269 43937 86571 27041 66290 49788 36567 53423 54528 71311
59943 99391 77788 107836 86592 82688 96786 52547 96154 75312 80382 94689 66647 120827 40406 99544 89409 76426 102253 63011 82226 74910 86250 82007 66984 65084 68382 73024 86362 34950 99774 83053 80144 90089 99637 79235 61703 67206 102531 63828 73319 96198 66777 91653 81192 96280 69802 70004 0 78120 43021 58666 65851 76490 47385 86097 88017 84043 54167 70645 110310 97288 85852 66554 55222 50342 66262 110855 61816 92387 87168 78046 82011 68972 87525 95779 90866 52264 125534 98782 107582 104299 88994 80272 76881 92687 80473 66474 82689 62807 92990 76835 92571 57585 98121 83279 66569 84105 72171 100286
18175 68391 40843 93322 45962 33571 43130 25571 46422 35649 43143 48277 62972 73379 62309 42661 11289 59528 62591 73513 54614 38110 32594 14140 39501 34931 32968 26334 49417 57776 65325 46252 75733 22220 32918 64857 29870 30406 24411 31995 83912 58693 36625 23785 29752 59479 30214 53092 78120 0 65848 26833 61441 72813 76141 56846 48376 39053 58453 33845 64419 65456 32196 29755 23389 52373 36109 76406 34331 64903 19300 21311 28355 30674 36000 63989 51459 54295 75802 57014 91201 67008 74457 48484 34080 64757 55481 29673 23163 60719 46300 23180 62320 38562 73129 44013 34780 44441 57656 50554
47672 103024 50910 107235 60153 71352 76014 40276 79306 57407 62670 86020 72893 102546 63986 80404 72778 77689 79571 80957 69185 48031 51647 55129 40107 53748 46881 60752 59485 8072 61656 56174 78647 47378 73197 97740 49432 40328 81704 51557 102730 55024 55441 48943 54314 69402 49030 57750 43021 65848 0 46394 77889 82735 90406 89729 61139 71788 11146 43767 88946 73574 52045 39676 42950 73923 54926 72737 34938 65509 60290 57932 61238 56700 61158 77902 63989 75844 108685 76327 64560 78839 63534 62396 58976 74986 73642 39595 70418 80245 75395 56063 51398 30707 78416 61914 48693 66199 71569 76288
13514 78478 46365 78681 40666 60404 53434 6117 56726 48350 55844 60979 48309 69733 41940 55362 35897 58088 60084 72074 51769 34170 42898 26841 35561 45235 21951 26593 54939 38323 77947 38757 58145 34921 53711 60897 9925 26468 49019 12050 69184 71314 46928 36486 40454 55540 40517 51666 58666 26833 46394 0 43854 58151 60094 65185 65055 51754 57540 29907 67976 45511 42500 25815 3443 32004 46413 89028 30392 60964 32001 31615 38659 10305 48702 49349 46162 33927 86106 52353 89632 62596 55550 33843 46781 70441 54155 25734 24023 64451 34933 33484 67688 34622 71803 40945 20139 57142 43015 60858
45131 76034 58923 41984 57675 79365 49496 37735 52788 65421 51464 66341 57490 92198 51121 65501 71474 48078 72253 34093 67882 46566 69927 47302 48119 61761 31006 58211 65322 69816 73911 54871 14291 55382 70719 70078 46891 38863 79225 49016 78364 67279 63455 56947 53011 67936 57043 60847 65851 61441 77889 43854 0 67333 18466 81589 77612 72215 89034 35574 44458 70116 69528 38211 40409 41186 62939 84992 42950 54413 42140 58643 64271 54159 58607 58403 62523 43107 82169 69963 85875 75381 60076 15491 66989 82999 52125 38292 67877 33889 67202 60512 63653 47181 69773 17427 29194 74212 6318 54750
65485 79843 63770 96679 69766 61071 77524 58089 76892 47272 75531 70493 9842 112834 36082 71504 74509 52230 74214 66215 65505 51413 62256 58673 52966 45822 50263 64464 72344 74664 78157 59719 81624 55385 82810 51195 67245 42406 86294 69371 59481 84788 47516 56950 57858 71479 50540 45808 76490 72813 82735 58151 67333 0 81842 66549 82459 59847 91617 47150 92327 102830 62653 43058 60763 26147 44645 88303 47797 78369 63834 59443 62749 47845 69164 81284 66066 24224 101005 71428 103368 105343 100552 65778 48841 68490 56277 43139 82176 83334 78777 57574 88415 52027 73926 65296 52075 56064 61013 81024
63599 57567 44758 60451 39207 70537 54415 56202 51123 77722 32998 47875 72000 92712 65631 53490 73880 29611 58626 15626 72616 65033 74099 62001 59254 52933 49473 62806 53332 82334 55444 73338 32758 53921 52251 84589 50168 57330 60758 48044 92875 48812 51240 55485 71478 86403 57652 75357 47385 76141 90406 60094 18466 81842 0 70861 65475 86916 90154 54041 62925 51649 73700 56678 56650 55695 54111 66526 60730 72880 60607 66553 69191 70400 40140 76870 44703 57617 80503 83912 104342 56914 41609 33958 79291 68834 33658 56759 84118 15422 82772 64685 45185 64960 51306 35895 47662 68931 24785 55256
68428 13293 70764 110935 58785 63020 53615 61032 56907 51432 82525 44639 56707 111232 45690 39024 53034 41249 72612 55235 65099 64321 43080 67545 59960 45416 63171 40556 79338 81657 41576 72626 95881 75627 71830 69296 70188 55315 66156 72314 77581 48208 47109 77191 70533 79133 40698 60064 86097 56846 89729 65185 81589 66549 70861 0 85052 74103 83581 60057 105235 74012 42682 55966 63706 40402 46594 52657 54792 85363 62385 35534 38840 62101 89406 94192 64281 42324 86287 81124 102962 79277 63972 78686 53001 72471 45297 56047 41160 82570 60522 33665 51835 59021 62944 78205 64983 54464 75269 61039
66551 71758 50634 106960 26267 71077 75737 62439 79030 57131 62395 53734 72617 41406 76022 59351 37085 43802 45684 57787 68909 47756 65201 54854 39831 53473 46605 62678 59208 53067 88163 55899 78371 62934 32470 81229 57007 40052 23964 54883 102454 84731 55165 64500 54038 69125 48754 46424 88017 48376 61139 65055 77612 82459 65475 85052 0 32385 72285 43491 57315 88342 64803 39401 61611 66086 54651 94523 34661 63491 60014 57656 60962 63749 69537 35832 31763 68008 79943 70972 106773 83747 81055 62120 58700 74710 39755 39319 48959 50051 75119 55788 87346 30431 57404 61638 48418 63833 71293 83161
57229 79165 52823 104233 58652 72625 77927 57872 81218 46423 53918 59051 50005 73793 43636 53435 50343 59784 73364 73769 70037 48883 67390 24913 42019 55661 47733 64867 61398 63716 76099 57026 86507 32994 64856 60690 61680 41180 56350 63806 70880 69468 57354 34559 55166 70253 50943 14039 84043 39053 71788 51754 72215 59847 86916 74103 32385 0 69227 44619 75193 95271 66992 40528 55198 33700 56840 87180 36850 67422 30074 59845 63151 41448 46774 68218 64148 35623 100156 76116 107900 86320 85231 63248 44854 75530 63831 40447 62217 71492 76247 57977 73095 41081 80330 54787 49545 55216 68567 85350
58818 96875 62057 118381 71299 79271 69865 51422 69273 65823 57155 78452 84039 113693 75133 72835 69744 88835 90717 92102 78344 59178 40501 44313 51252 61667 58027 56806 70630 19217 72802 67321 89793 36233 84344 91592 60578 51474 79867 62704 110647 66171 63360 37797 65460 80547 56949 68895 54167 58453 11146 57540 89034 91617 90154 83581 72285 69227 0 54913 78431 84721 40900 50823 54096 82547 62844 83883 46083 76655 49474 51785 55090 60848 50013 89049 75134 84470 98653 65181 75706 89557 74680 73542 64254 86132 84788 50741 63217 74731 76773 49916 62543 41853 89562 73060 59840 74615 82716 65141
33924 73352 24802 71649 33898 45244 46341 27129 49634 31299 36563 53844 37308 75299 61239 48227 37353 51435 36678 65419 33761 12445 35805 19705 13998 27641 11295 29544 33377 35695 62331 20750 49866 27786 46943 68068 32945 4742 50476 35069 76621 64260 29333 29351 18890 33815 22922 31642 70645 33845 43767 29907 35574 47150 54041 60057 43491 44619 54913 0 45177 68529 35408 4090 26462 51304 28818 68691 8829 39402 24866 24522 31566 36240 41566 42316 28402 51691 79014 60991 71624 66375 78569 26810 32868 48878 47387 4171 49227 54137 31627 26391 67887 13059 52309 18146 13107 40091 35983 53765
69255 100834 69980 86443 79076 90423 59099 61858 62391 71789 63122 80720 82486 98722 95580 75104 75709 92537 81856 78553 78939 57623 80983 50279 59176 72818 51425 74722 74925 80873 82174 65928 58751 42198 89786 110936 71014 49920 81279 73139 48707 75541 74511 40633 64068 78993 68100 76819 110310 64419 88946 67976 44458 92327 62925 105235 57315 75193 78431 45177 0 81072 80585 49269 64532 85644 73996 93255 54007 84579 51743 69700 73875 66814 55978 82446 73580 83964 91772 101481 116802 86338 71033 59950 70220 94057 92565 49349 87583 78348 76805 71569 79168 58237 97486 27030 53237 80581 50777 66523
52136 76913 70378 112101 62075 82373 83959 44740 80667 75415 58618 56799 93821 95392 87451 51183 76745 65720 81493 51736 73177 72793 81521 70358 74184 67125 60574 65216 78952 76945 32435 60166 84408 62276 75119 106408 35584 65090 83627 33460 114694 25803 68818 60712 79076 94163 71843 91827 97288 65456 73574 45511 70116 102830 51649 74012 88342 95271 84721 68529 81072 0 81124 64439 42066 77515 65947 43517 69016 99587 74544 70238 77282 55817 65762 80051 67571 79438 110048 90975 74748 25345 10040 72465 76984 63330 69767 64357 69190 41043 80444 72107 22177 65094 87415 79568 58762 66624 76436 84799
43778 55976 46114 98875 55358 38370 28965 36383 29170 26783 57874 56631 52811 92343 58970 51014 34988 49101 53723 61463 40449 39671 397 46337 35310 20766 38521 15906 54688 57007 55456 47976 82311 44255 56616 50692 45538 30664 48109 47663 69747 62088 22459 43990 46116 54483 16048 52954 85852 32196 52045 42500 69528 62653 73700 42682 64803 66992 40900 35408 80585 81124 0 31316 39056 49034 21944 66537 30141 60713 51498 10884 14190 52806 58036 69543 54324 49831 58550 56475 78312 66958 77852 54036 28351 59027 45054 31397 23113 58277 35872 9016 65715 34372 62702 53555 40333 35574 63209 25038
29833 69260 20711 67559 29807 41153 42251 23038 45542 27208 32471 49752 33216 74936 57149 44136 33262 47343 40769 61328 29670 8355 31715 15614 9907 23549 7204 25453 29285 31604 58240 16660 52504 23696 42851 63977 28853 651 46384 30979 72530 60168 25243 25260 14799 29725 18831 27550 66554 29755 39676 25815 38211 43058 56678 55966 39401 40528 50823 4090 49269 64439 31316 0 22371 47212 24727 64600 4738 35311 20775 20431 27475 32149 37475 38225 24311 47599 74922 56900 67534 62285 74479 22719 28777 44787 43297 80 45137 50046 35718 22300 63795 8968 48217 22237 9016 36001 31892 49674
10070 77000 42922 75237 37222 56961 49990 2673 53282 47807 54681 64422 51753 66289 45384 58807 34678 54758 56640 68743 48324 30726 39454 30284 32118 41791 18507 23149 51496 34878 74502 35313 54702 38365 50267 64341 6481 23023 47800 8607 72628 67870 43484 39930 37009 52096 37073 49760 55222 23389 42950 3443 40409 60763 56650 63706 61611 55198 54096 26462 64532 42066 39056 22371 0 35449 42970 85583 26949 57520 35445 28171 35215 13750 52146 45905 42718 37370 82663 48909 86187 59153 52107 30398 49377 66997 50711 22290 27467 61008 38377 30040 64243 31178 68359 37501 16695 56599 39571 57414
45519 53697 58447 70533 43619 44927 59967 38122 63259 24969 67237 44346 16305 90530 9936 49201 48362 26083 51910 40068 51755 55567 49431 38233 47642 51769 53956 43170 67021 69339 70638 63710 55477 46314 56663 28892 41931 47864 61484 44055 37178 64006 53461 47879 61851 76937 47050 19662 50342 52373 73923 32004 41186 26147 55695 40402 66086 33700 82547 51304 85644 77515 49034 47212 35449 0 51107 62156 42473 73045 43394 38149 45192 21698 60094 81354 49116 1921 78702 54661 89618 94602 79770 44040 26538 42344 30130 47131 56029 67404 63136 40017 67633 46703 47778 58613 52144 33761 34866 67391
47691 52338 35961 92286 43497 16425 32878 40295 32247 30695 47722 60543 34803 90186 61043 54927 47400 53014 57636 39518 20861 33083 22342 40180 25157 1177 31933 19819 44536 46854 33511 33871 72159 48261 56541 54605 49451 25380 60521 51576 50158 40143 2870 49826 39365 54452 5895 42800 66262 36109 54926 46413 62939 44645 54111 46594 54651 56840 62844 28818 73996 65947 21944 24727 42970 51107 0 44593 19989 50560 45341 14798 18103 56715 54864 62953 38001 49186 61627 60387 58723 71212 55907 47447 32264 60038 48967 24646 45059 38688 39785 12928 43770 24218 63467 46966 33744 39488 56620 36379
