10
0 102903 762919 272795 596098 162724 539281 422480 972306 801029
102903 0 785142 527821 728512 58732 284056 151031 254112 357952
762919 785142 0 553216 749299 508759 222588 86457 513574 786813
272795 527821 553216 0 87749 960681 437647 636732 130825 109597
596098 728512 749299 87749 0 724079 827538 578698 712424 127320
162724 58732 508759 960681 724079 0 148366 953012 738820 78625
539281 284056 222588 437647 827538 148366 0 452515 749770 222507
422480 151031 86457 636732 578698 953012 452515 0 273892 676675
972306 254112 513574 130825 712424 738820 749770 273892 0 784364
801029 357952 786813 109597 127320 78625 222507 676675 784364 0
